0 3
14 187
1 37
1 42
6 105
1 41
1 21
1 53
0 71
0 118
3 111
0 87
0 18
1 115
2 87
0 46
0 77
1 45
0 60
1 95
0 40
4 131
4 107
6 83
6 102
1 48
3 112
6 130
2 84
8 139
10 156
4 57
6 129
0 41
0 83
1 48
0 96
0 109
1 65
0 39
0 18
0 61
3 44
6 68
4 97
3 101
0 30
0 75
0 55
0 204
6 137
0 103
0 69
1 51
1 133
1 15
1 107
0 89
2 70
1 109
0 74
0 111
0 71
1 51
0 97
0 85
0 85
0 73
0 73
0 107
0 27
0 65
1 47
0 60
1 96
1 46
1 50
3 75
2 106
2 66
5 132
1 81
0 33
0 51
2 43
1 46
0 26
2 87
2 45
0 40
2 98
0 120
3 58
5 109
4 103
3 88
1 49
2 88
2 96
0 33
1 87
6 72
2 92
2 71
3 149
1 93
3 39
0 45
7 93
0 73
1 43
7 94
1 77
0 43
1 71
2 48
0 35
1 151
0 84
0 132
0 39
2 61
3 71
3 116
4 117
1 70
0 54
0 62
3 289
0 74
0 91
0 28
0 53
0 33
0 63
1 49
4 100
3 51
0 46
0 174
0 38
0 39
0 99
2 71
0 45
0 91
2 95
0 81
0 80
1 81
2 97
0 114
0 122
1 136
0 141
0 72
1 102
1 89
8 137
0 48
5 104
8 81
0 48
0 55
0 61
0 69
1 34
1 65
2 41
0 51
0 12
0 99
0 145
0 60
1 30
