0 3
1 61
2 47
2 38
1 33
0 91
0 101
3 95
0 109
4 65
0 96
0 28
10 113
0 15
2 71
6 153
3 63
0 70
1 71
1 46
0 104
0 65
1 54
0 56
1 63
3 122
3 110
1 33
0 100
0 34
1 59
1 68
0 41
1 71
0 23
2 58
4 40
0 57
2 78
0 80
1 28
6 47
4 72
0 56
3 107
0 28
4 73
2 37
1 20
1 67
10 72
2 36
1 46
2 58
7 118
0 62
0 16
0 56
1 74
1 78
0 103
0 85
1 52
0 54
0 59
0 24
0 50
0 27
0 29
0 36
8 155
7 96
5 115
1 97
1 70
0 87
4 62
0 182
2 49
8 75
1 53
2 39
1 47
6 117
1 70
1 58
1 157
1 24
0 40
1 89
2 135
3 109
2 73
1 93
3 59
0 77
7 113
1 65
0 49
2 78
2 68
5 102
0 32
2 94
1 26
5 94
5 105
0 91
0 70
0 49
0 131
0 40
0 37
0 88
0 79
0 76
1 180
0 53
5 38
1 66
4 91
3 101
11 150
0 32
1 32
1 51
5 98
4 114
4 69
2 26
3 74
1 32
1 42
3 80
4 77
11 146
3 45
4 126
2 61
3 86
7 155
1 24
0 47
1 110
1 27
1 103
1 54
8 149
5 105
0 38
0 51
0 19
0 110
0 41
2 84
0 72
3 126
0 93
2 100
0 72
2 58
8 109
2 81
4 137
2 24
4 95
5 136
2 120
0 88
5 127
6 116
3 68
1 50
7 55
4 94
6 76
5 140
0 32
0 50
2 75
0 72
0 28
3 126
2 92
0 55
2 81
2 73
