0 3
1 68
1 28
2 64
1 34
1 115
0 62
0 62
2 68
3 44
0 65
0 48
1 48
0 47
0 107
0 20
1 69
1 66
0 65
2 102
2 48
1 105
0 54
1 39
1 167
0 161
0 33
0 94
0 56
0 63
0 44
0 65
0 76
0 81
0 71
1 35
0 84
4 145
0 29
0 53
0 36
0 138
0 43
0 68
0 52
0 51
1 78
0 34
1 53
2 114
1 45
0 33
0 46
2 94
1 87
2 136
0 128
0 56
1 66
0 83
1 35
0 66
0 61
1 80
0 39
0 162
1 73
1 101
0 57
0 65
1 43
1 69
0 51
0 72
0 53
0 89
0 25
0 14
0 57
2 46
1 24
0 31
2 109
0 90
4 36
1 81
1 63
1 63
1 30
1 35
1 98
2 106
1 61
0 49
0 28
0 109
0 34
1 97
0 149
0 35
9 98
6 98
2 51
1 70
0 33
0 49
1 77
0 32
1 70
4 75
0 25
2 78
1 61
0 109
0 86
0 84
0 77
1 53
0 75
0 61
1 103
0 54
0 79
1 75
1 104
1 34
0 89
0 33
2 73
0 104
1 66
0 75
1 46
0 33
2 107
0 29
0 8
2 60
0 75
1 57
0 50
0 104
0 45
3 111
1 53
0 78
2 25
1 107
0 30
0 63
3 83
0 47
0 43
0 88
0 74
0 40
1 68
0 64
0 64
0 44
2 83
3 55
0 64
1 63
2 97
0 24
0 23
1 78
1 98
0 66
0 52
0 74
0 58
0 57
0 26
2 26
2 40
0 19
1 71
3 78
0 63
0 82
0 51
0 56
2 39
4 53
0 45
0 74
0 41
0 55
1 47
1 20
2 135
1 69
3 118
