0 3
0 29
4 95
2 59
1 104
0 44
0 25
1 125
2 39
0 87
0 31
1 118
1 47
1 59
0 65
2 46
2 90
3 50
3 60
3 121
0 34
0 43
0 41
7 134
4 67
1 31
0 59
0 22
2 41
1 34
0 52
0 14
0 45
0 61
1 92
0 39
2 82
0 89
2 77
0 57
0 30
0 42
1 85
3 51
0 43
1 50
1 66
2 109
0 15
1 54
2 52
0 104
1 80
1 83
5 41
0 72
1 85
0 28
0 115
1 47
2 53
0 75
2 95
4 68
1 52
1 91
2 88
0 105
0 28
1 139
1 30
0 50
0 48
2 128
4 133
0 43
2 93
1 36
0 91
0 70
0 86
0 35
0 69
0 27
1 69
0 23
0 64
0 49
0 44
0 104
0 86
0 68
0 20
0 49
5 131
2 55
4 191
5 193
1 67
2 49
0 67
0 44
0 62
2 91
2 98
4 144
5 163
0 66
0 65
0 111
0 48
0 50
0 63
0 74
0 50
1 67
0 102
1 148
0 31
0 91
0 18
0 82
0 50
2 79
0 112
0 99
1 104
1 35
1 49
4 88
0 60
1 87
0 64
0 38
0 48
0 91
1 77
0 24
0 67
2 118
1 37
0 55
0 75
0 23
0 132
1 90
0 65
1 90
0 30
0 86
0 48
0 50
2 119
0 164
0 34
0 28
3 88
0 73
1 48
0 65
0 34
0 90
0 51
0 59
0 87
0 56
1 106
1 59
0 26
