0 3
0 72
4 44
4 99
0 74
1 35
0 60
1 30
2 75
3 99
0 31
7 115
7 87
2 113
0 14
1 130
1 103
2 156
1 81
0 98
0 53
2 75
0 107
0 46
0 110
0 29
0 55
0 21
1 93
0 136
1 98
2 63
1 76
0 41
1 119
2 83
0 52
0 90
2 127
0 77
0 68
0 56
1 136
8 153
3 59
4 68
0 53
0 58
0 60
1 96
1 36
0 60
0 33
0 89
1 51
0 47
0 16
0 114
0 34
0 47
0 46
0 57
0 91
0 42
1 45
0 43
2 50
0 92
1 50
1 74
0 23
2 51
4 80
0 37
0 31
0 75
0 109
0 83
0 44
5 70
0 34
0 94
0 17
0 34
2 57
0 64
0 76
1 32
1 32
0 30
0 55
1 100
0 87
0 34
0 71
1 60
0 48
0 88
0 117
3 170
0 95
0 46
3 70
3 133
0 43
0 37
0 27
0 62
1 140
0 136
4 146
0 75
0 127
1 110
0 75
0 11
3 91
0 50
3 165
2 77
0 22
2 128
4 112
3 127
0 35
2 59
0 15
2 54
2 91
0 29
1 55
0 64
0 104
0 40
0 64
5 136
3 29
0 71
0 145
1 109
0 93
0 57
1 114
4 74
3 88
3 72
1 106
3 93
0 57
0 79
1 100
1 108
1 37
0 36
0 23
1 56
0 57
1 94
0 39
0 31
0 21
0 31
1 116
0 63
0 45
2 65
0 87
0 127
1 33
0 50
0 52
0 36
0 19
0 16
0 43
0 31
0 50
0 26
0 55
0 22
0 22
1 43
2 105
0 32
1 64
0 70
1 55
1 70
1 52
0 15
0 63
0 29
0 63
0 53
0 29
0 83
1 28
0 40
1 101
1 56
0 55
0 94
2 21
4 65
