0 2
0 82
0 22
0 73
0 107
2 78
3 108
1 51
7 124
3 52
0 104
2 119
1 81
4 56
0 58
0 38
6 161
7 135
5 88
0 47
0 49
0 93
0 68
2 75
5 78
2 45
1 52
4 88
1 63
0 75
1 47
0 76
0 26
1 40
1 89
7 96
5 149
4 55
1 65
1 37
1 110
0 74
1 88
1 65
1 21
1 92
0 35
1 79
0 15
3 103
0 64
0 57
0 80
0 71
0 34
3 43
0 94
4 102
1 76
0 14
1 72
0 44
1 75
0 27
1 27
0 95
0 23
0 31
0 43
0 78
0 35
0 47
1 27
2 42
0 54
2 96
0 139
0 32
0 16
3 92
2 79
0 49
0 73
0 76
0 82
0 49
1 32
0 49
0 27
1 97
2 67
0 56
0 44
2 63
1 41
0 82
0 65
0 64
1 83
6 79
1 51
3 99
2 84
0 85
3 68
0 55
1 70
3 77
1 38
7 82
4 45
6 84
0 46
0 22
2 25
1 107
0 74
0 75
0 47
0 63
0 75
2 20
1 64
0 14
1 34
0 74
0 29
0 32
4 57
1 27
1 35
0 50
0 35
1 86
2 108
0 44
1 42
3 48
3 69
0 63
0 56
0 88
1 68
1 75
1 59
1 30
4 72
1 109
3 115
0 37
1 65
0 62
0 63
2 54
0 40
1 64
0 44
3 98
0 47
1 63
0 68
0 81
0 40
2 62
0 42
3 117
0 88
1 81
2 117
2 122
0 62
0 107
0 27
0 30
0 31
1 35
0 51
0 73
