0 3
0 15
0 52
1 154
3 138
2 135
0 65
0 49
0 61
0 79
0 96
4 112
3 79
2 94
0 42
2 31
1 45
0 57
0 33
2 32
0 69
1 89
0 64
1 43
1 125
0 104
0 66
1 47
0 32
0 26
1 139
0 99
0 23
1 74
1 40
1 64
0 70
4 46
2 48
2 12
0 70
8 111
0 31
1 16
3 70
2 94
1 86
3 83
0 69
4 96
1 62
3 109
1 68
2 110
2 39
0 38
1 51
10 102
2 52
3 118
0 31
1 13
0 59
1 76
5 74
0 43
4 105
1 48
0 84
2 56
1 52
0 14
0 103
1 164
0 58
0 64
1 71
0 66
0 105
3 123
0 69
1 40
0 57
0 71
0 36
0 88
0 10
0 29
0 115
2 83
0 26
1 71
0 67
0 30
1 130
0 23
0 42
0 34
0 30
0 34
0 70
2 38
0 24
0 14
0 44
0 78
0 77
1 73
0 70
1 110
0 133
1 18
1 83
0 55
1 104
0 78
1 33
1 73
0 79
1 58
1 36
0 63
0 62
0 27
0 23
1 53
6 117
1 41
1 87
0 41
5 97
2 97
9 113
7 55
5 67
1 52
3 124
0 116
5 99
4 86
2 111
3 71
0 92
4 80
1 53
3 113
0 71
3 98
1 70
3 60
2 86
2 76
3 76
1 38
0 51
1 112
2 45
1 145
1 55
0 43
6 82
2 68
4 90
1 57
1 46
0 71
0 53
2 58
4 70
1 98
0 33
1 31
0 27
4 54
