0 3
0 65
0 93
0 112
1 75
1 50
2 69
3 92
0 12
1 50
0 73
0 55
0 35
1 105
1 28
1 8
0 77
0 45
1 39
0 122
0 70
0 47
0 55
0 66
0 16
0 43
0 29
0 12
1 129
0 29
0 53
1 94
1 98
0 51
0 71
0 75
3 94
3 80
5 86
2 46
5 65
13 142
1 47
1 98
1 81
0 89
4 80
1 96
0 112
0 35
1 78
0 31
2 60
1 37
1 73
1 97
0 178
1 98
0 39
1 121
0 37
0 116
0 35
0 25
0 33
0 69
0 120
2 72
1 20
2 91
3 123
1 74
1 80
3 148
3 67
1 47
6 131
2 43
2 75
4 178
3 98
4 87
1 35
7 95
7 141
1 95
3 70
7 177
3 59
4 97
4 74
0 34
3 40
1 79
1 31
0 121
1 37
0 60
0 54
1 75
0 27
2 101
6 118
5 76
1 44
7 65
3 51
3 90
3 88
1 44
0 56
3 53
0 75
1 56
3 93
1 79
1 70
0 50
1 124
3 212
0 49
0 73
1 101
0 81
0 78
0 18
1 60
1 95
0 51
0 15
