0 3
0 96
0 94
0 33
2 110
0 100
0 107
0 57
0 12
0 55
0 14
1 130
1 75
1 162
0 27
1 187
0 77
0 62
0 101
1 109
1 115
0 72
0 90
0 19
1 77
0 40
0 31
0 48
0 54
0 76
1 141
0 52
1 115
0 38
5 229
0 8
3 192
0 64
1 113
0 58
0 71
0 100
0 78
0 39
1 55
1 67
0 91
0 39
0 87
0 67
4 125
0 63
0 49
0 26
2 103
2 150
4 108
0 18
2 154
0 63
1 46
0 29
0 46
0 61
0 90
5 116
0 51
0 124
0 49
0 118
0 86
0 166
0 148
4 141
0 43
0 103
0 70
0 54
0 52
0 105
1 85
1 112
0 43
0 37
0 45
1 47
0 92
2 44
2 127
0 27
0 45
3 56
1 96
2 46
1 57
0 77
0 59
0 104
0 69
0 75
0 40
0 152
0 76
1 98
0 30
1 61
7 71
0 66
1 190
0 30
9 194
3 86
2 89
3 103
3 53
0 94
0 39
1 76
0 102
1 113
2 20
0 34
4 82
4 157
0 34
0 176
0 78
0 70
0 32
0 22
1 58
0 79
0 34
1 60
0 63
0 23
2 63
0 62
0 64
0 73
0 44
0 38
0 41
1 40
3 112
2 84
0 13
1 56
1 45
1 90
2 107
0 119
0 30
0 38
2 86
3 88
3 55
0 23
0 50
0 53
4 63
1 37
2 76
2 74
1 41
1 25
6 95
3 101
1 128
1 106
3 41
0 29
1 86
0 76
