0 3
0 50
0 37
0 75
1 10
0 46
1 58
0 47
1 80
0 45
5 170
0 49
0 38
0 44
9 162
2 91
0 73
0 121
0 129
2 112
0 23
0 16
2 144
0 46
0 47
1 127
1 30
0 62
8 148
7 73
0 62
0 41
6 107
2 43
0 30
1 46
0 28
0 70
0 50
2 26
0 15
1 38
0 36
0 56
0 112
0 20
0 15
0 36
0 47
0 121
0 115
0 90
0 45
0 30
0 69
0 44
0 15
0 112
0 75
1 61
3 113
1 155
0 49
0 114
0 69
0 25
0 104
0 33
0 84
0 75
0 45
1 125
1 57
0 75
0 108
2 74
0 89
0 27
0 66
0 39
0 97
1 66
0 37
0 38
0 25
0 98
0 96
0 69
0 78
0 113
0 53
0 42
0 68
0 69
0 90
0 63
0 56
1 109
0 121
0 25
0 34
0 38
0 127
0 70
0 43
1 55
4 64
3 46
0 100
1 22
1 15
2 159
1 104
5 56
1 11
1 98
2 86
1 60
1 64
0 59
0 52
0 47
1 57
4 90
4 106
3 92
1 39
1 54
9 102
4 91
0 15
0 42
0 52
0 44
0 11
2 71
0 77
0 60
0 25
0 37
1 60
0 73
1 52
0 72
1 68
1 92
0 98
1 92
1 101
1 74
0 69
0 28
3 72
0 69
1 32
0 77
2 112
1 47
2 152
0 33
0 106
0 70
0 79
0 88
0 76
1 124
0 19
1 55
0 34
0 30
1 59
0 39
1 64
1 78
2 24
0 108
0 112
1 96
1 54
0 29
0 55
0 23
0 66
0 106
1 46
