0 3
0 64
0 40
3 97
3 135
1 118
1 90
0 68
0 87
1 56
2 100
4 72
0 123
0 35
0 28
0 51
0 61
0 46
0 28
0 58
5 77
1 85
2 110
3 38
1 76
1 115
1 58
4 114
0 45
0 60
3 91
3 66
3 52
0 49
4 118
2 113
4 90
4 102
6 124
5 145
1 16
0 30
0 66
3 92
1 49
3 145
0 43
0 70
0 66
1 126
0 41
2 52
1 120
0 78
1 134
0 109
3 144
1 50
4 107
0 116
1 33
2 84
2 55
0 33
0 128
0 48
0 135
1 67
4 118
0 88
2 148
0 117
0 23
11 158
2 98
1 92
5 98
1 60
1 99
3 95
0 198
0 87
2 59
0 41
0 50
2 32
0 39
3 167
0 45
2 59
2 93
1 34
1 88
0 82
1 37
1 38
0 119
2 132
0 122
0 26
6 75
5 93
5 55
5 91
2 70
1 73
5 96
2 22
9 87
3 65
0 40
1 82
1 113
3 131
3 110
3 155
1 58
6 75
1 68
3 95
3 90
1 97
2 94
2 54
2 172
0 52
0 68
0 31
1 119
0 52
0 41
0 49
0 77
1 66
0 47
0 156
0 29
0 102
0 96
2 39
0 32
4 69
10 99
0 19
2 131
2 43
1 56
0 21
